5280489
969516
5280343
446925
82755
145858
445639
14985
14986
896
802
637511
5748352
16667503
12085802
6433192
157010079
5281672
5975
5280961
26049
638011
5281792
10393
5460221
5281224
5280805
72304
22311
5281233
439250
440917
9064
445154
5280899
323
1794427
5280784
5280633
73659
445580
54670067
5282796
74607
5280644
6758
441837
11349
3314
5997
91471
73404
7895
152743345
30165
1203
3086007
28523
65576
10665247
54754036
2116
12359166
5280450
638088
12303662
31253
61041
875
444305
439655
5283345
5283366
5364942
8174
145068
44356648
6134
689043
6508
5950
602
71080
16133892
9548634
6602383
76957235
4479912
656557
73347633
15608515
72281
5350
5281116
107876
890
5280445
445858
6322
442428
119287
5351619
5281855
7460
7439
9929901
5281727
446284
443013
1175
21123987
4788
638072
11005
40024
5284433
440908
430146
31829
90470438
102515211
138911428
5281544
3789874
24721401
6325757
9807309
53297357
98047251
155903739
5923508
134688908
51340233
91607
159287
128861
68245
128853
441774
73386
441773
6449992
136115286
42618487
135398712
443652
155240
2244
5280863
4649
442793
135398658
92729
5281707
5281515
493570
5281328
5281326
86747
5283635
5318567
146157632
119074
6432178
131750945
134687892
16061350
5280443
72276
122738
7463
5281522
5322111
6887
26318
5354499
6429274
681
189460
6057
5460819
5460822
311
525
638024
68313
1102
12813
1268142
2266
967
119
104775
264
179651
25227462
5988
6325
65126
5315472
9952605
8181
11652416
5281800
6436722
8294
61130
5280794
370
54678486
6419725
94378
5281708
5281614
667639
5460307
444972
892
5280378
2723872
440936
644020
91461
72
23760126
5513
452975
101375997
129627774
146157613
168314535
133612499
6072
11617
5280934
5471349
19309
31211
247
5281605
2519
3080590
25200337
1548943
9793905
305
12313020
6654
6989
222284
173183
10742
56842207
161355
15103
125
10494
6305
31348
6326970
9750
5281243
753
6540709
16590
439246
14136859
73399
234817
637584
637542
8468
638014
26975
17412
9548611
5281
145742
6971047
5460775
7710
338
5281303
5702264
2263
5353424
6436601
131698851
441785
23925
23994
23930
5460341
16129778
326
440946
6199
2355
4114
938
47364
197081
92131208
161276
4481461
71597391
78126908
6857447
16724
91691547
3893
439378
439517
243
6549
637775
135
54675830
6432095
11173
7127
441667
4481259
12303221
5281647
6300
20056801
6432673
768
5470187
637563
5202
33032
14598502
611
4525487
5128032
104813
23327
5460544
784
16741
1130
5281166
6124135
10033935
85099174
72344
3220
5281235
5281520
3845
6918448
89594
439202
445354
100067
11127403
92776
521253
57386731
12315492
10104370
9549171
262500
6537493
30185
146157955
134688107
129627772
118796404
442971
5280804
1123
5315892
445929
5754
222786
667450
444679
5281576
779
12647
2724170
10621
68077
3084462
177
16315
9845703
240
56842239
7501
906
5281673
451674
5281804
6466
115244
21648
5281426
445638
441701
159360
985
5793
73571
11502
73995022
182092
126
5281232
5497182
5281126
92503
182259
177149
58866062
7172
135398640
137321187
124886
5961
444539
54675850
8794
165225
853433
8051
4133
5280373
5280781
439262
10251
165363661
139597845
5281670
163408272
71677779
5570
160434
10281
6537198
76581
10364
139191468
5281654
6529
259846
637579
2153
637760
18827
91810628
91810654
94409
11249520
12313693
6036
446066
5497152
44159357
5311263
16219586
3988
5885531
23688917
44159252
46173225
2336
2148
130796
9855795
135413566
88000
18950
457801
124823816
6651
93405
16441
1031
3496
5281607
6255
439186
439341
294
10991489
45109807
11908385
12302673
131632347
7427
5280933
637858
1045
441381
91469
382975
807
864
4650
5321003
440735
31289
94715
5282164
51346127
12313778
89468
146156434
91971120
134689750
20056814
23926
3469
12377
22383
996
5971
5317750
637566
4696
271
702
64945
10133
5283820
31260
936
176925
516995
9561835
159654
71531543
398793
102004399
134693217
65575
162807
54685921
108065
5780
91435
612
92094
16750071
23947
441923
9943513
13849
10465
5281643
5484218
127
24823
10477
5362487
26840
5280435
5366244
145386
5320547
9018
1738
18554
5359596
1054
6140
1081
1145
444899
23956
75552
2879
1492348
1548910
5460332
5461005
24892726
83489
13872461
3564542
53486247
51340219
42607972
24211951
7794
5360835
4091
439531
441434
159970
472768
500182
6712218
10253568
73242192
6106
5366074
6890
16211032
5429
171039538
5378597
10813969
12304323
45933929
51402807
65727
31272
8908
12209
7041
8815
1198
9576741
656561
6122956
4479916
656539
6537200
9548895
656506
6602378
9601691
9576416
656565
6828856
5485217
6433206
3712
31244
5281794
1176
8082
148124
4369188
24090
5281691
1183
10680
442409
101607926
25243882
157009762
442009
147806
10624
73160
657272
9261
16666
7136
10975657
440080
68406
11727586
439242
11593175
135565038
135407445
168007057
115010
6450186
46173742
136969248
24201364
46926108
133612072
135484750
135956385
5458510
10382483
22715020
198016
162649852
5281228
522636
439551
102004933
5284507
656516
34751
2180
656495
441462
66509032
132779642
134694146
261491
11027
91456
10931629
249286
12304612
12304613
288
85
5283446
5283454
7009612
9817433
44416766
168313146
9918693
73415824
46853873
56840966
5460183
167101
145705982
145875202
137348964
5282166
91466
5282348
6267
24749
449093
1254
9886134
87310
121922
9576089
15558642
2723601
3806
6579
5281793
162644
3084979
3931
6274
774
3830
14896
11128
1107
443650
5281553
460
3806114
119400
448438
5282218
6475682
101689
107880
4484953
440667
5281377
6262
164619
5282349
5757
72277
5276454
6419835
163198956
107905
65036
402
8534
452707
9308
2353
5284359
439924
5280793
798
6338
157010069
5469424
493591
453214
1678
169607
3035211
119033
7812
14440537
14274897
10917
9322
5478003
5753
15559531
5281138
9548614
656559
15559530
5862
175586
176449
14311152
165558
3503
25960
750
887
6184
8130
119258
5281612
6569
11885
2230
10299753
5459879
5281600
379
8629
5462222
5462224
5462309
6328935
11146
5280666
122391230
7344
64971
9986191
5282102
73599
73498
64802
68289
3707243
14525
1103
6420173
1150508
5282745
5287554
3779
5320313
10077207
14655552
5280460
6306
6287
60961
5460265
5281764
447466
68213
5281613
6918391
5280360
71081
971
5281149
5469789
3322
5353620
56935896
94685
73127
8723
5281516
6440397
650
53346492
1188
5280352
446139
5319693
6166
6420999
5370052
6288
6613
1084
5280459
5281239
10703
12035
8892
289
10819
92802
10467
126537
5610
5281229
336327
186907
5281702
5281616
114776
162350
5280441
7362
11552
998
6431475
5284607
64685
6552009
1201518
10492
657014
44630107
10049
439569
7360
23979
2537
9719
10964
442399
137
10231
11550001
11499199
131884587
59806994
168011734
102594524
72985464
168314312
44416768
146018240
65064
5281148
6436239
3321
5283263
56935895
5317309
46887429
441547
131954651
16086648
115250
246983
92110
26447
29231
4481459
3084569
27866
643820
8842
9578071
82142
12232
99483
9851181
6506968
6443790
45934470
24268
9917980
442530
3776
10256668
9828626
75729
122160
5281506
75492728
118701063
76330423
442276
5281481
118701356
273
1001
6419722
60960
446937
5460971
5951
29109
943
7461
517055
9852086
5280371
64689
11142
111037
5319022
5281697
5280704
12304093
12304095
45933926
5385553
5280637
13607752
5280601
19310
5281167
71307449
5375199
5280896
5375200
287291
643732
5702609
30583
131954763
204
9577379
439533
54679076
23667548
107971
187808
23724657
9913968
15934091
10228095
129650960
7417
175
5962
19725
70678558
12303902
92042749
25245021
76319594
442355
129638774
5351524
54605356
135415868
135483998
5960
5282847
439709
104820
8158
5281717
92998
6987
6137
876
84815
5477212
962
253613
442985
5250
44584207
129316900
6710642
6432036
16061352
5200420
12442877
5701987
9839519
9873754
9817607
6708573
5280442
244
68148
72307
5204
101612
9988135
449303
2358
18684078
23624475
107982
439212
6970
20055232
6432761
10146
5282108
2723733
6911854
105034
28179
11980947
8424
449293
6101956
442497
92131301
5388496
5464368
134694222
14871
5287971
122218
16213884
131706484
5283324
586
639665
7428
16129878
16131300
9917512
18756
5288826
5282217
5281247
52948899
12358959
139033583
10168
5476868
5476869
5275520
9865515
223
24823808
5282350
5641
700
441563
439224
18170
101746
6047
6448
93009
6950274
442460
3034424
44630108
443131
12097317
9794159
641785
10212
439260
86289064
12303220
5920
5819
99474
5281127
5282761
122325
8635
5281811
140765
10248
61325
6436237
73081
5315832
12310829
70223
1303
6918774
440380
73581
4678093
54445
6145931
114873
161557
9087
164
13966122
13820511
9920281
71463826
11213350
3800204
3080644
9890474
168314841
145706029
134688662
185914
19212
5280960
261166
8215
442383
15601426
442387
442371
108064
12810
1549025
1110
442439
232990
45358138
42608011
17751030
457806
91820153
129627747
24211957
1150
92157
5742590
5281168
5320844
45357473
637541
5702198
9570474
16240279
6301202
5360881
91884754
35687
5464076
35688
53442174
6871216
54565564
56841918
138394743
9836019
11723200
160419
743
151080
2733487
62314
168114
168115
6251
35960
25310
91434
107735
1060
14132337
7420
5281858
112072
637098
10095474
849
135398505
5460935
11333
16217605
3872
11024312
122173797
131839611
1061
76182283
5359597
521348
160512
19602
3080714
443651
10250249
31703
3385
14515709
86287491
394347
5280385
18335847
119307
14081290
129316844
91668381
134688679
162699385
168315405
404133
51340243
3541112
441
442431
9847853
11468733
22392424
5320744
161798
91884761
44198762
134688663
163199257
5320294
6427105
84532
10256
9084
867
8865
5281915
5273621
7762
9573942
21600408
5281133
11963662
114627
442634
123889
14497053
8175
6026790
23682211
23684362
23671158
44135691
23712637
76959139
135398635
6029
9852188
68171
12442849
115012
6432312
5317570
5373727
91104
6436582
91723653
24771782
49796490
74764030
5462310
15939939
5353915
8027
78160
5280335
168339423
5488186
2346
10460
27209
6432173
157995
92136105
71571511
163304497
5281534
5281535
6506600
176
7150
56951715
446596
5288845
9905016
15801061
5281693
5351997
21676297
12314990
44258757
65023
11230
9865117
1014
12921
440832
67249
5281929
5367719
62388
6432008
6428089
12566815
24208748
73554535
7704
16760075
5318998
341
5460048
32932
6096870
4480892
12310796
91810602
74315792
24721044
127258938
3071
6736
5879
5318645
5481663
1032
22012
135398638
947
5280457
261
73952057
135403648
135398559
135398561
444266
18502
61942
33613
5283361
14240392
5360545
21729595
16040291
1711945
131752314
135444742
89817
17100
1550607
72320
326240
46783795
6710776
12313416
146156358
1072
6759
6013
2907
5459840
12112747
154279
165368475
168836
6442577
25200611
6442566
3084336
1099
56842347
3083585
393472
444853
442630
737375
11388
11365423
5957
6440982
24802566
5529
5375662
161606
13935023
13935024
10321055
3080557
62332
441699
12665
5282347
70698181
194340
23843922
44257949
16126794
90657789
12777
11463
6616
24203732
24203733
5386591
5281319
61926
23973
1742210
4276
5280795
5281139
12309644
10960920
9576240
9548893
5486194
4480096
586292
74977035
6294
7720
442688
492391
13834142
118701411
6326954
56841626
5281517
5317319
10407
572766
12305301
5316217
12305300
636458
9601230
5317424
171597
99117375
14632996
196216
5564
222285
8857
5281690
44259160
5487635
134816264
5460541
5460294
441674
5318650
25244915
5281327
92113
5281392
443654
25203368
405275
5311498
184933
4289526
16212801
10887743
6442967
129627537
54605677
70678590
123134034
22836442
2734998
11378364
44176380
135391179
6474318
91820207
129627679
118701016
134764348
118701720
131709170
74413906
168432548
146676027
132980806
162533872
165339223
126480146
6857388
6476031
16211024
4555259
123134563
6385473
118705454
10112
444795
8742
5881
6473767
445713
3083834
2758
6326983
5281560
5490884
174159
3531
54764303
163000560
6245985
138111558
5353651
169853
187
5281675
568
91496
192826
6852391
6885
5320250
7945
442495
2345
89579
14210
3082
3080857
54675858
4980
67521
2733223
970
51
5892
5893
15938971
71853
21896651
92772
6207
8378
6998
9231
641298
15560252
6949
15560253
5946
10607
11197
164513316
637759
135191
40452
3007984
105014
10462961
44419427
161937
129720114
7906
16821
5274585
169449334
6817
6986
443159
5318767
12313332
17751019
2969
23672308
167560
23676143
23689119
73415760
70788954
10257
24470
102861
5281223
11250133
130556
5320711
14423521
14423519
441421
5494866
132989527
3001497
115063
137699315
118701496
171378899
168313271
12850042
338147
6474310
439570
439195
60855
15394
21577182
146115895
21577181
10887728
5921
97240
70382
1983
135398679
5351516
16654923
10890
5362697
25610
5352696
18818
16129621
12725827
6561
4671
135926572
439213
91666318
5102882
91666324
6441280
24417
5281718
6506680
187287
6443125
44176376
159961
5281417
9798666
150885
8257
12297
6276
180
432620
441922
6912
637540
6278
11369949
162952
15979
124072
6442560
6442612
13136
22873
31242
275196
15939
6440861
5281490
3487852
12313742
133556268
138404375
37723
24721561
18085
16061220
21139920
61293
13940474
65096
12309744
6323542
439503
440937
529
24934
12443122
12309509
255538
29025
65724
92874
6973628
73568
9884612
23243694
98050105
11336941
188323
5281617
225710
65084
6438349
101557521
166642623
5460417
365902
137699530
11606751
54611329
168311681
5459159
20055378
154814134
126456243
155802110
5280816
442456
84718
4463283
129630341
42607947
24211958
11150526
24899382
5364919
5234
5281728
957
454
643779
5462311
12305351
16119330
2724387
3938248
4510
441921
5957728
5281112
91819955
25147451
679
6213
6590
54680783
439177
4471484
90478052
133126843
1781413
5810
44223986
21908
5316012
70718
281
5282184
114778
171548
5280492
9015
62465
65373
115089
10394
40634
128079
14287397
643460
7462
12300069
65090
68079
10355
61346
4227422
441467
23638286
4626626
135398744
358832
8617
441541
2100
9543442
73755106
20054823
73345410
124604699
134692373
2276
946
73607
5357696
24524
637520
16496
221493
13250
1548883
82565
176457
445070
3327
1549107
1549109
31265
11822705
12315073
3078139
31229
62725
3037212
172285
12358373
4447
49874544
92231
522266
13854255
6432640
13854258
6450832
23535
5484354
266052
442359
86609
42608159
25244677
134779875
12304208
33960
14421
203
14180
4661174
71750997
44269210
46874983
114911
22169421
131750991
131750992
5281775
6438333
878
14982
10666
107904
265703
5283335
6042
6202
574516
5280483
4812
8419
10430
5282110
19233
165181272
165195016
332427
14900
464
4789
4473082
9085
3033866
62346
31404
16154789
15406
7438
119204
542762
74077706
100528
439207
68316
23931
165360102
641296
1117
439498
5460024
90471547
78302543
6419224
145659
5288476
167812
387977
12304275
92281781
146157854
153845
14632994
42608155
6302
6636
6325610
29435
73145
15934381
5318916
137357
73102746
86577299
146160055
189016
91588
12412
442106
441934
5281779
16129670
656760
86291095
9955
114781
7991
5283387
5318516
384876
10401
44144477
6436159
5280791
9002
11227138
5318599
5280788
6440490
156047
442266
174880
3482908
178999
164512184
439357
439353
80043125
5283646
6451798
21863049
5324282
9023
5324281
5362858
9548620
9548619
162639102
5316498
25087690
12137511
25079994
137184495
11491431
5388925
8103
6451349
24820753
19
56935649
165416423
443648
154723842
181977
9548665
24812712
11963533
115288
6635
5330797
101042548
135398641
23659586
6436550
5281773
1044
8369
92109
5281984
623366
25244370
25246232
443454
439197
440001
871
46173706
241572
6442658
117999654
5366264
6432025
6453839
10085645
6432583
518574
11592917
5280746
590836
8343
83412
31276
65043
462371
72495
4266
129668924
638015
441910
5281744
398941
95779
9898279
8028
3333
90659041
6432469
33166
16061214
119036
8914
12367
15448
8163
61303
44258009
13245586
13962928
9958
6440999
345824
119205
61263
101701200
134919
96539
105024
6860
26473
12302249
160788
5281769
6474640
6124212
205954
24720973
129316856
137705908
10685477
123917
114739
71684354
6917976
12912363
121488035
12912359
154496646
12855889
11679800
3081383
717531
123831
44258082
74414058
14187089
5282150
5459217
94741
5281317
44559416
3609790
5874476
261794
12304226
5281316
156907987
3510570
9999
637758
123351
3084311
26945
4973
444097
444098
53356659
4624
25243950
1549778
164999
392622
24261
10307709
56841867
92185
101975
1057
94672
10144
160597
98455
6001
6877
6437860
14353730
4377441
444493
22253297
656555
5464032
9548618
15560248
995
5460308
757
23668515
94448
10639
16900
6427080
23937
82229
91572
72300
23924
5283637
53722445
24827055
33037
5274591
160644
977
5461154
9548622
656543
6602303
15560239
46783370
15558498
88353
73170
213821
21976318
18467
32594
521958
7296
520098
168165
12302513
5458626
3002102
156595158
12302512
643684
10569
5492231
192918
6427135
57517924
73611
119247
71307575
537159
73410
255983
146014454
146157823
118701087
23978
9548705
9548706
5835162
6440527
3470
5463084
5353644
162901532
5283273
1146
2749419
6076
4946
5320249
5368821
5281953
2737005
273022
129723227
1051
91552
17754707
5321950
10336
6028462
5319754
6328144
68071
68081
5281701
91354
11095734
177445
12305243
91746456
1119
637568
11092
151108
21600402
656498
9573945
133701348
70702337
6537197
23700947
9548605
9882882
21637592
3082856
13892722
101688189
5320439
6476333
31161
5319292
58114415
4480305
11132470
8139
71307930
5283344
3467
72395
441305
146157093
132477936
440266
4479101
6780
4687
16898
12591
17085
213603
367141
21117948
104763
11158353
154911
61953
5318865
527
5497163
9819225
78091652
155587867
231
117064495
9799386
6451331
10133609
15901362
5317346
65188
978
76360
12403
513197
17787981
5864460
5280535
1549095
5280507
441447
160544
33306
928465
937
44256751
5281666
3037582
18635
114835
147004
6917960
5493444
25203803
445995
67678
595
3036261
6991966
6857538
8194
9882981
5359485
5281143
16591
167551
11266523
6054
146798
3371
123908
89640
6433893
5154
5487461
72259
16078
8417
133534
5487654
443055
3239
115196
102515299
9869793
13039062
168475661
195955
14352555
3084097
222656
94424893
21599928
5280453
66282
135460989
3953303
134816156
5318010
92168735
4557
71404807
95790147
5318042
558173
16218542
45479757
168313078
5281416
5281678
5321435
10918539
12285346
10143380
65728
10351
8093
159630
6852393
8442
280
12530
124052
5460232
6992099
5359268
24526
5144
443023
18218205
7020029
73755142
6102807
1548912
5281227
5315232
643723
931
5994
8063
23665760
656983
6575
219833
10082188
12312690
119444
554197
102004445
44201988
91697162
6436043
1174
2723949
93484
23990
5281125
9260
100332
5040063
72326
125468
6432145
44554791
610
5461012
179
5213
31553
1548994
6610285
3086637
485707
619166
3010929
12358639
439215
9548870
9548715
3083568
12305091
25199691
134688424
6428637
54327784
76118727
101761
159490
5318869
5321283
9796015
444290
397
712
68103163
5870
10178463
10455
189811
114840
11240513
44147426
10948757
119041
253295
24822
11496052
5280789
5281250
154496136
66391
5312508
129636643
1140
440259
12912322
21599924
3102
5461123
23676225
44256700
445881
71629
440833
31268
6328134
20054959
6675
119420
8029
9949212
9818200
158501
5831
2730
11464648
3081416
24978585
9283
3034034
5196
19234
24495
76963969
44630435
9875144
87585109
168323745
168325380
11220007
17141
18597
10462091
6438482
16058264
169446411
131751526
73228428
10664275
23932
12795736
71587058
74059587
10198648
11966095
108156
6022
5282457
125391
442628
64981
61020
5282742
5281119
14543197
61361
439312
93236
548359
5461127
128869
5491408
5281236
5317844
442393
5288227
6916004
124441
13804
13805
36605
25202509
11583971
76963096
9895
6506548
6442374
179413
5317425
13559418
313
12313019
134728497
9548717
15559345
44256740
460602
62434
9890209
6429077
12306047
637517
5281807
170835708
2214
5326970
5460703
441491
85144169
92786
92787
262961
16760287
6708605
31402
9883500
104881
22833567
146156852
21139953
134688930
18604930
92136104
27924
12313579
5281242
5281437
6436243
556919
5458201
5380858
73164
5367559
12304109
133640194
6180985
46173033
443656
9547096
6442405
4561569
16219643
79043
12180
3532
3083879
543743
5282154
21186795
83952
91550
119245
10114
3230
9897771
73398
12193680
133568304
68265830
18526330
23997
122087
8530
6441377
674
78603
180199
10208
92313
6432404
15094
441005
539170
8058
12391
15102684
24860211
5281396
16129741
5281315
5281318
5281321
441819
270060
57402771
270061
441820
439306
46173707
6223
6175
9864
21636106
13934286
6439004
13934285
128634
139586903
9946625
92139
1090
14754405
9548714
62453
98451
7921
16997
8521
5843397
1549026
139291139
5281331
446439
12358808
57068235
44343890
11622
3034683
7568320
3032313
91828287
5460028
14605548
25201798
5280481
437035
7860
6858023
10659
6490494
7567850
146020554
222
10037021
18218221
21633072
5320861
5320863
5878729
121540514
12309863
26202188
5490064
5282155
4636593
20055523
12315151
6326181
354398
11124994
9960731
183613
5459105
42607502
441555
130056
135476759
118701178
5405
33005
5281650
1826
7342
7799
4581
31249
91458
91520
24721256
3917786
146158328
24728702
168265116
53297354
133611792
154584970
5312529
3210
89373373
89373374
446512
4584
57059112
11953808
6102351
5353844
5468826
6426933
45356271
6917781
146158002
6476659
134688093
168314285
131839562
42628599
23748514
139242912
118701651
5281680
137333732
95562
5236
7284
9171
66654
2724032
11084068
12366
92987
157350
7871
119093
57339251
91666323
133126842
20345
13604687
51136526
44202896
133556555
3084995
10364826
10404245
67322417
7976
11346811
21953369
21672
86308734
7808
37183
12137509
74079809
87948385
64982
45280820
71699758
5352030
31208
6557
10416
46890010
5281777
3442
5281615
70775
3015189
5284371
69600
185872
10797
135444779
25248
6913588
13187
17106
5460005
108196
246728
21633857
9301
10690
14779569
10255
2999413
439586
91746257
134731361
19937448
18218212
23945
24154
3085257
517045
65243
6324617
11973122
92044465
441294
17751009
6917929
24883994
136199658
90479819
146157361
10971931
6419302
102004390
129630527
166639042
138402868
129010073
5281047
132285149
15944904
138404401
6443968
5281156
101821183
5321010
3576890
34378
317640
124220043
45358139
15923208
49867940
457846
102004437
86280097
129010096
166639039
146158497
134694721
133612150
91973790
16130295
122857
64715
62389
62698
5955
5283356
61289
3084375
5316860
17868
5318606
22841567
5487413
6862
126041
73401
135438589
135887859
135926600
11598
522834
6914637
133110026
75312330
443918
10658
23982
477019
85114699
10338198
23624907
44415057
65046
73635
439557
45040448
10402443
71772353
145994855
164513523
135121350
23954
813
888
923
104727
27099
27854
135398631
135400774
136661904
6131
94332
7058165
6030
6083
12358846
16135499
736186
128563
16212950
97765
15270795
5321825
643975
3840
440921
12306754
7015685
12303924
164782
5318083
72998476
24085
104770
13455715
5486699
11560275
41867
90657624
131752731
2165
5362616
5276890
129849056
159278
104843
520948
129650210
170513382
6623
9974595
179269
44190514
144
70678559
23724629
25244976
5222465
5816
5354899
6430174
439280
430147
442408
44715213
6432495
100026
23928032
441801
23083748
137322187
3083017
21155757
5759
520286
10093830
12410
115025
58219327
12736
259
12855920
7519
8655
95924
117791079
5281230
329983
10315050
54751594
442501
162890634
10482829
157010000
444041
5281628
6323191
11174599
20055121
4490623
6324668
443369
20382
54592379
139251219
21733123
168312527
85379763
166775
114748
7144
15906
66898
1136
445014
18219067
636970
12308704
107737
169883
94391
160920
74315888
24721466
9920169
15056832
9938436
22789047
8868
440950
129704175
5280544
24847856
176440
7824
11966451
854
644213
237332
60838
638278
439423
2723844
10213
7469
7795
22566435
11467
12398
107786
3293
16129616
16220016
56841902
11989381
60208818
91810512
5280537
5372945
73415790
101379
27867
19243
439263
6566020
5280559
131750921
439877
18218231
3084658
5319116
78016
119268
119269
7247
104858
3514
10404739
12575
156025075
5481958
20073769
6452371
10443052
78410938
131953494
447253
36511
94154
122720
5460209
442196
119301
119533
160521
6431015
442348
521207
10878276
69512
5316449
432116
387316
11869417
233333
102004873
10937118
138756686
45027804
643941
480764
9862
443363
5943
5282767
5018391
10446
9856782
78017
4149208
6992304
98207
5874704
177773
73809332
253193
167186
637125
121225492
12303809
146158452
92043382
72957164
529904
5352908
5320722
5319765
239
5291
2157
2723790
69879809
5318597
108058
12309888
131751863
162978917
124708033
76315917
129008860
447728
11294177
11648
3083637
65080
14032966
1712087
7093102
57459455
4825
12299918
7758
443917
5281712
89472
11358436
5558
164763
91886191
54579888
71068
45157740
94221
29746
9838995
7847
3727
5364752
545
8164
61030
8785
23976
688148
133112768
444550
4457968
5484292
138108771
104745
68108
76617
72376
5458190
6572701
5462447
442486
8768
6427493
100413
442658
3550102
182689
44257663
135665556
135438599
3423265
4329331
21909502
14163574
12442871
91871142
146167
1068
18985873
100941542
100941543
8091
8050
129636603
23724747
53741802
2554
3033
131752158
420552
178116
14827928
10816150
85277603
165694
26042
23935
637921
20913
643774
8009
6422
135440064
18064
360253
122836
5282253
44559810
15104
11320910
53955250
7915
637090
9953366
24721685
638309
3747
446094
19001
439196
107
15774829
174174
154417
64692
3661
5318386
78358485
6931560
3000322
182232
21555445
16486
442154
5274587
6406
136952495
14161394
5488539
667495
5460659
24385
70164
6438138
26177
12305768
5320686
179470
5273568
10007781
5311333
129627864
73656912
14607978
185617
6435894
5280389
73201
4101463
6950539
101256943
131751532
23957
119034
13836
101690
30231
6439848
5282805
3208
688597
64973
33184
5281234
12309449
89316
145925530
65217
9929799
4541001
65218
2724385
10976
108052
13878342
6453932
92969
21330
28749
73309
3939968
69050689
476486
146159051
45358126
6708654
118328213
725
445675
62835
5363700
12311099
5275521
66762
5281226
6376436
91556
134688154
170923611
31295
160142
7937
441959
332
71748667
71748668
3902
12304985
5280497
4680
439336
3514701
7165
5281238
14942
61804
66841
6326969
5311264
497299
86556
11005824
9945785
14158103
13889654
6429302
89440
5326566
93135
5281786
20657680
5288798
439230
443198
12004528
13258914
7020
6112
3764
24462
44448097
5312442
5281852
12313704
5320618
5320621
5372201
6439947
5372162
16041826
94577
14039008
5195001
135398670
5362588
56945145
12299868
174003
68247
5282160
5381351
12314846
439514
200480
9834513
9872976
5089889
134715108
138857802
145709287
124025
9154
521569
5283338
2724189
7858
5281969
399491
673
2513
441891
62089
14888
131751154
6436724
5312738
5192
8418
85385138
5324289
14118408
3848
11433225
16061211
131751704
5317025
5280914
71581002
5281671
8118
3033836
1024
5484202
5480505
99973
101670390
492392
880
10448
6436348
241
439529
19065601
102401026
23951
122097
16682
6050
90478901
12314049
53395195
6607
5316450
22608831
53398694
13887348
1043
5355457
935
6440892
10244468
12300073
10889018
10470
36314
4737
165531
73299
5991
1088
4004
1549040
131751494
56841897
77
6305574
123938
9929676
9975455
5283266
9921021
7405
3431
14077784
133562683
73707380
139593369
60979
65093
34286
6442529
10205
7060140
42552953
5462254
10949769
11168
5281404
64961
10006384
8048
5354238
6451084
6544
6473741
13344
5320438
5491630
9582190
61840
62003
81176
44229628
11473
2733489
3432
154723956
163285942
12311396
520957
53356675
92042758
90478612
101024995
131752890
5318169
5364079
5361250
42614
9815648
191336
51409864
68841
106
16681728
25078152
170907436
6537492
5281249
57397445
7570
9727
139024271
6710748
5884
71312102
15983949
52945042
124021
13254473
13254471
24721405
3084727
133612283
5319853
24211952
10471
129848630
181681
4546425
332425
133561836
59728532
44437685
443019
5485207
656527
9548628
158573
6450302
65559
107564
769
312
69540411
2320
3032771
7714
400769
75324
73210496
131853509
14710
57339298
443162
94204
44159808
13152118
100016
119389
107722
473141
65094
1004
129688353
17166
5354833
6437066
23963
21599925
3052776
84265
35717
440552
24456
7800
61177
448041
6443484
5317591
5275727
101660275
16130552
811
643798
8180
984
71552
754
7048686
439162
102288
3034285
16129675
12443309
91694425
6432211
123800
162642267
15056831
441246
10926754
129290
5320622
92417132
24728720
64956
75412555
6341
10329
92793
5352438
965
31291
31423
9153
5283640
169439853
625278
9548595
10252339
442347
5273569
5280569
11834987
1202608
827571
7673
5481224
24424
445052
102928
5312495
104730
121946
162395534
5280733
11458
440658
6602503
46905267
872
440656
529388
61455
17525
7983
23948
6049
9548828
12756473
104798
125516
124220265
46931229
68085
927945
15286417
5281832
5378702
5315422
63123
522517
11030688
6428308
441907
8438
443158
163183895
84571
629965
5362376
12600
441436
11095820
9858729
161858
155461
181700
8467
6934228
325
53249447
12407
7009558
23275780
9994897
5281667
155818889
10758
176870
5283316
76322875
484757
14136852
14136851
5280531
18218287
65056
329485
79044
3614358
192669
14135395
14135394
38346961
133562831
10349562
199
11499198
6340
91895489
443012
14520970
3365
3080741
88708
10084135
155381
155011
155380
3083575
13475125
13475120
5283468
9552081
156592342
9939931
1237
1669
39914
6857497
9810601
5281877
151492
6475924
5388319
10051843
342
5333
3081374
6919
73124019
5280647
5360741
25202506
5280379
57353225
11276107
57357909
11141699
168315002
642376
5352899
62368
70698035
146160069
13965085
73099887
5316849
131706844
9547213
59271038
6809
44257792
5271805
161359
5281719
442649
441148
5284474
2337
440760
49787003
12044558
119394
160492
136330
15571093
405
123976
129850464
197017
14543446
7456
160481
9914062
25429
1548914
1548913
11809239
3084796
14353406
283
6088
11996452
3034394
4369314
44256721
5352425
5281787
29936
27284
155903165
16130897
16181831
22013424
3516
643757
309
444212
3035664
8254
297
5281627
783
6370943
441772
167642
5320315
5316821
2724360
47346
10027593
71310221
76007601
60202781
71586774
11815492
5464078
1549018
111509
367929
442849
442664
129320472
11527
6826
6973643
8182
5318759
6476139
359
12306753
440005
164513263
112005
50903199
21160126
87308104
21577860
903
14605050
5317284
146018232
443915
53627475
526973
441572
155007
16667664
6303
676946
433955
10866719
7045767
57564962
44449087
9576738
656563
6122984
126154
10100083
4418610
68615
151261
15560540
40585
4130
26124
3352
5280953
3564
4055
227456
54680660
1616126
1549992
10586
442343
1201551
519954
519324
6584
37066
86782
6428995
6329
86374
45
44566503
5489389
44259365
14353383
92131253
132399080
5362720
14647596
131752646
15940177
162343291
135398639
15625
5351589
10246
442938
92768
1807519
638234
6920824
71056954
10235
10895555
441036
8888
11241545
5281525
3277971
12097
71957
10724471
11583
5380406
12548
5321977
51346169
10812
4740
167312541
56953015
171120964
5366552
96118
184358
19654
91510
363863
161298
11487
2775
5317385
15559329
15559330
5283731
1039737
4369
25138292
443473
107957
3026
176170
160157
16057860
5458823
135449517
135403659
135398729
135398721
3086263
1548887
14242
94194
206
12304738
12304737
45933933
133567541
68972
2998
169449335
72191954
164893
71446712
11167
14217092
16040016
5281797
5281814
501640
51634
6432474
641764
500
64968
5280353
11148
7628
168010072
13018787
21769099
50938612
199472
10477723
53308655
107721
123914
440993
25202965
5279514
169442873
4437003
12304954
643987
151012
4005
73466
65048
525032
12304570
10130519
11148494
161704
13019118
190
145722482
171185
8388
55710
3017
123929
5461157
3594
53477767
5756
14167342
8907
647
1195
14001297
71311926
46173967
14610566
178
11778518
14839904
5288393
836
92222
5835713
5284452
5280536
34167
846
20055538
11105941
108069
93035
1151816
2733526
165430661
442101
9885748
70674488
114829
2347
154496954
91472
10077799
15071017
102004726
156595897
5317270
14072
781
5312435
7020170
18218248
5280723
19009
141850
183539
444940
21764964
6483648
10508871
131752216
5472867
107848
16760120
3515873
78358483
12004581
25886710
98179087
16394645
11645
45109789
12396777
169410440
70700216
53315588
49827815
24896135
133109022
139058496
7151
1598
439174
10286
3850493
3663
5315233
10717615
73680459
182122
131752420
20407213
1988981
335
46890016
5748627
15558664
122844
3587356
41774
444254
4432690
441184
445421
134694648
129010024
163284948
18397995
10207
78126
11229486
521210
12310408
70697714
3478765
5838160
9998730
12310409
101248035
13873378
25203213
31264
5458999
101553595
164512854
139600356
146160898
134715239
77906393
151505
16104376
156907049
11850
6950273
247573
637531
56842206
155011957
6912748
92794
40473202
9910767
282013
12314653
24211954
65399
290486
44400589
16759157
1003
45485203
10887844
140048
6782
5365371
71315012
66645351
5318039
11068834
5375190
5353547
53477526
3080913
19188
6857397
739
9809542
45056
442478
12389
167963
13367
9576649
3035040
44584734
62348
16928
5743
7121
5281766
527268
49863985
23760102
11629084
119177
50914802
122130387
45358152
6449855
13991589
5316299
13991585
168312369
3081205
130418
16129800
10313
157010113
12760132
10759998
21059
442673
157395
13834145
7848
441035
216239
6343
8077
35349
77151
95593
5460234
535
6971063
54678599
54683011
5281894
39836
961
84029
6915744
5480431
9567573
444037
5106
54548
5353933
46705420
5362068
25102720
45588114
168322444
5837004
166640090
118796988
133611834
73759751
135391136
139592915
250873
5459919
439768
21139805
12306807
102004777
442939
521564
3080564
171042389
5322022
122842
77999
24838
5317271
10189
3083581
22217
61171
564
5287444
5312686
259803
6167
20469
11957468
2308
16218996
155903696
133687604
134688323
24867475
163285100
5865
6235
638034
15376
90540
7335
61780
91752514
785
7361
6124
1050
547
94164
442690
131752596
455149
32051
6212
439373
5054
434768
446541
131752084
42608287
7251185
6473881
5420804
4692
5420805
108068
5353864
5702252
5320420
73759808
11972532
6708471
124463365
163198965
23631982
123134657
927706
91603
90658510
16070004
6602304
78120390
5281762
446495
439639
870
134748002
11115032
5486199
24096391
5321282
12444502
8948
73174
6992691
336415
795
15691190
6420166
66541
114757
108172
427
440237
12313676
129660947
6428928
92138
3032412
11694869
75612
91733367
12195517
7430
5282168
160603
207
8255
446820
5281365
5320945
24721416
5362833
1049
69254787
5283560
12388
5458461
5319924
5481961
9979523
21596130
10291003
185848
155248
14237687
641375
641378
131751188
5372312
7301
6918763
46173032
5280448
10469
36294
9256
115221
9909368
441293
78358336
23817960
66524188
24883856
21725806
6419993
24883857
46783823
102004392
129010090
134692168
138404338
12989697
171036370
168720043
15944765
166639041
24721502
161120
9867869
92044466
441295
16211418
11826309
146157360
102004391
17751010
136199657
15944764
44459336
134692166
129670240
98118857
166639043
152743397
166639483
11154476
24721483
131674019
163776
441296
45358012
21725807
102004438
146156374
166639044
124544850
129670239
166639192
163332471
475277
3028194
10851
1757003
44256720
21951591
184579
8186
11253417
8784
16061189
76044
637213
162639487
12478
13538
5320800
44259136
6440986
6443740
71041
5460164
92817
443181
5732
61199
22294575
609030
457
5484740
3034765
61592
73212
284
5280790
135398634
135426527
12305270
134732901
131752591
6428573
6432254
65380
25201603
5284476
8481
11147
73644
442813
12313740
3733033
44257215
24211991
978461
637429
31292
11038
515717
5910
12315102
6443745
5464381
12844
24836820
382831
5464461
156022394
164513305
36242
5282718
4534
3224
73797128
3620
70698254
6430689
11586487
289151
1796220
5489258
16217634
16396350
577062
8819
14529
15068
44146779
5320318
71514785
3034391
5281353
6266842
131753126
62374
54695756
7612
7196
135565560
137185914
137208345
16592
235736
5356121
79706
99586
159514
11160
12206
7929
442635
16132350
9815675
479503
5748594
5490334
4793
14543212
17857
71718370
57411952
226486
5281656
4873
44584555
6442883
16132391
70698381
442027
442879
5281867
161779
5319978
11783303
102004833
5487772
42608158
12306048
73201778
9253
2566
15698968
65238
117852957
27902
227
5311436
21637585
24857
14505
25079965
5281644
46173376
7409
11957300
11579
4128305
7016078
1662
54675779
5280462
91971254
91810651
5590
68154
90658633
90658632
69676
7749
919205
97790
13915666
76311997
33557
6553876
6432452
24141
10419304
152467
520758
44517630
441429
102407504
102217268
139048787
11332763
5316496
23243692
23243693
455263
312145
3973
9294
1549106
637776
7128
1549045
5460677
476856
69362
69421
11987825
5352855
10635
23968
62367
11744854
12315154
5280515
10461109
442615
156905792
6365155
3014191
25202007
9543675
5281633
160254
164676
5281244
94156
6038
62034
24402
24540
12309350
20806
442403
5459303
6711209
102515163
442670
1491
137349712
155886516
156963487
146449113
5288565
445127
136080001
5486549
96942
2773624
354197
6918732
11194416
2769418
55283948
89103195
89103203
101628275
1803558
520453
9548703
9548707
5833
5104
12313376
100017
86287562
132285190
146682032
85076954
9962298
11253859
76326438
57331045
238
119607
157009740
146681186
5282149
9881148
24405
122850
588
5326701
92108
91134292
69816
3081930
5315433
10376566
137705001
5317062
52923213
52923341
448651
122121
92024379
5284648
9840292
53978589
135449343
137218006
11953903
13636701
2733970
138844
15817242
5354618
24466
16042541
449422
8926
10268
71082
5281711
229
439153
16130899
10244953
131752909
102515552
135398735
135550179
135876149
135900090
135925261
135449527
135512673
136122621
135921134
136246612
135441414
135932822
137086834
135925741
136709103
136601293
154075449
137286743
137270779
136619758
137287990
163059759
137225336
91884923
6384258
13342
241903
3823887
6710780
73759760
44417235
133126830
129009934
11104792
5978
5388993
3717450
45358158
6324671
71296921
134755071
62313
17233
3038097
5281805
442583
7478
441037
460604
24012
139584446
92265
9552077
9548637
91072206
10298511
86287519
135529435
135779804
146158032
136257761
5287969
442679
452242
229455
4435
10131321
15208
82085940
66950
6441391
10466651
5362828
518796
5316216
14106072
166874
5571
10887828
78925
25630959
6442578
70686443
12082365
618037
14296
17756749
138453912
14136854
24473
6436484
135405023
135398690
10088114
42625451
1780
73621
155928411
444508
439520
24883735
303
74358
5282365
10398656
138225
68960
141792
78120
6453452
440835
14079
73425459
16215736
5320693
23940
130131
5321278
442988
56841989
8222
12408
57400365
2520
44460483
23965
18218224
5368086
43371
21669382
495605
15411553
71694437
15624
182645
9960925
73253
101691173
6950578
643474
160510
1017
122724
101997813
25086832
21160900
335576
5486204
73759913
131750865
92002858
6344
222865
104806
123912
3707990
440272
76255
439524
74976933
90478759
3446
1292
10363
1184598
119112
443027
151529
17536
483513
899657
3055167
10211
6442617
10421549
14191392
78173043
7424
129373222
5370602
3744
79025
327287
5460795
99289
5460797
3081936
91860151
8512
160487
10862351
131752765
85292895
137849
23680530
521790
62385
7002
7583
5320092
73981690
22524410
91525355
14327425
11050
146683905
1794425
4021
3084169
136721
13894537
5315347
11820258
21159022
13894535
44583886
5462328
6435901
129010052
442534
23235
122797
442089
6918840
24721373
56947150
94266
7288
12020
23345
441314
61657
10238
108104
4971
85076
6323
447029
5280653
6450278
9017
4656408
4366
5282945
94485
123146
227829
10878761
289964
24721116
10059437
139036143
5789
6209
5585
83818
163183854
183559
68437
6455477
126312
5283280
10730081
71308161
11282394
16752601
5289124
171041782
519764
10583
6431152
2331
6428538
166001317
345501
14999388
131750809
122380159
10151874
86608
12039
24766
21873177
56776253
11616742
12016376
3625680
479756
99938
321311
586373
53379231
153307385
20054922
12301981
21117640
5318717
137321953
5489485
44286042
128395
163410283
242
443638
114505
440834
121231123
5368396
5281134
10371536
129630591
91457
2733768
3035026
18219900
332964
151003
99282
306141
10887971
443160
5281801
30914
54675776
101603122
101603115
129854209
10789
94403
50465
11164
3703882
5216290
23032410
686704
72941753
54680304
57369669
145944873
97042223
54714554
54751494
156588453
139031630
169490705
137699542
125183478
134688682
5352426
15811990
73202
132473023
103500
5472558
443639
6428327
8835
29131
14757903
197775
3032849
72193633
636780
23668197
13093777
12304094
447573
11534864
71308204
270757
6437071
5381214
46936214
57061783
134688043
134693211
52940549
146157920
9851101
115060
22556220
45358155
15978435
145875214
139225400
146159270
133568487
6568
11115917
74029660
101429690
4479243
44256626
5281295
7105
99516
441887
44566818
14656689
5282222
5385192
656547
8201
50909809
179103
156245
4592
11963561
