34816
30724
34820
8199
8204
129037
4111
4113
65558
94231
4120
75806
8224
38945
8226
260130
51238
51240
8234
8235
8236
8237
260142
395311
4146
84019
190515
8245
43062
49212
8252
69694
8256
190531
34886
8266
8267
190544
190548
133204
4182
24663
88149
157791
4201
4202
225387
59499
225389
669814
94328
4217
198777
4220
45181
4222
30850
176259
4231
4232
22663
4233
176265
4236
161934
51350
51351
43166
49314
75939
1759395
4265
4270
39090
6142
112823
1546436
8397
1204434
1042646
55513
30948
57576
4329
172266
57577
49390
110835
41210
751873
45318
338184
184585
323851
323852
233744
8469
41241
145700
151847
28974
6447
6448
6452
180536
69944
297284
4430
16719
4432
16718
108881
78168
4442
485725
135518
33120
33125
4460
385388
237934
72055
551290
186749
24962
1476995
551299
455045
39304
227725
6544
4498
6547
6550
283035
39324
283036
4513
6563
483748
6565
6566
39338
4529
4530
330163
190902
39350
178616
39352
397755
4540
59837
61886
4550
39367
4558
272846
6608
4564
4565
37334
4567
29144
119260
66014
106975
272863
4577
29154
231905
29159
375272
375274
6645
59895
80379
6657
4615
96778
21019
180763
21020
180766
180767
4640
4641
21024
348707
180772
6694
6704
6706
512563
199218
6712
113210
4672
4678
4679
4681
4682
283210
4683
6731
4686
41549
57936
268884
6741
186965
8790
39509
191066
82528
8801
6752
240228
262757
344680
6763
109171
23159
301693
1503870
8830
8839
8843
74381
2706
334483
2708
72341
125586
2711
1493660
15008
23211
43691
6829
78511
23216
58039
78534
2763
41679
2769
31444
219868
99037
105181
99038
8930
8931
13028
410350
51952
23283
35579
13055
37656
138011
416546
8996
301862
934696
9005
267067
109379
49987
49988
9031
49992
80720
80723
516948
271192
1041245
9054
33637
58228
168825
62330
119682
9102
9103
48032
13216
420769
37796
48038
48042
103349
103355
27602
183260
302047
193516
127986
195583
60419
99344
128017
117781
29719
140311
136217
13337
29727
195615
35875
87088
50225
13363
103480
89151
29760
48193
46147
64580
5192
91209
91214
29780
35925
70741
13402
66656
35936
93297
13427
13428
175226
27771
175228
27772
13442
13443
13450
13451
210060
119950
119951
74900
283798
371864
64668
62621
13470
111784
13492
13493
74940
105667
29892
29893
185542
93385
5322
390349
3277
5341
36066
85223
5353
52462
3311
85232
1561840
42229
888065
374021
3337
48393
3340
29965
75034
173342
163112
472369
159033
77113
21819
159037
75079
36181
75099
79200
183653
42345
3435
13677
13679
234866
89462
8012
40321
185739
3468
3469
292239
1527200
3489
13731
3494
3497
3498
13749
13750
3509
3511
224708
3527
32201
34256
394708
357850
32219
349661
32224
120290
3559
3562
9707
58860
3564
9709
9718
32247
9721
5627
3589
1574408
7689
1216010
3603
941588
3605
9749
151069
151071
7712
3617
3618
292385
89636
3621
7713
3625
3627
392747
3633
58933
3641
3645
93759
3649
85571
9796
271940
13894
3654
3656
153159
3658
3659
3660
3661
3662
15949
3668
3670
3673
9822
278110
128608
9823
9825
91752
114280
114289
7797
3704
3705
9850
3707
3708
458363
3711
3712
3713
3714
3715
59011
38527
3716
3726
9871
3728
3729
69266
224910
3735
403101
3741
3747
3749
3750
52904
167592
3754
3755
9901
3758
3760
85681
3764
3767
9913
106175
9925
194251
110284
194253
138955
9940
376534
7900
28381
7901
81636
81638
3818
3821
3827
36596
36599
9979
7933
7935
3840
9984
36610
3847
36616
7948
7950
1384207
190226
3860
3864
7962
34587
3869
59166
3870
7971
3879
3884
3885
3886
282414
3888
38705
3891
1986359
7995
7998
28478
452416
3906
102211
3914
3915
184140
3917
3918
8010
8014
229201
8017
8018
8019
8015
8022
8023
8016
3920
661339
200541
8030
225117
8033
3942
8040
124778
8043
2070381
8048
8049
20340
8056
8058
8059
8060
128893
202634
8074
3983
51089
55188
171929
79772
165788
8095
59296
8101
36774
4006
229290
8111
8112
8113
126903
40888
38851
4039
4041
4043
4045
4047
542672
75727
38868
34773
4054
40922
63459
8164
4071
4072
4081
270329
34814
